1.0 0.925539600746 0.988310133896 0.987433646421 0.797760284172 0.984673736853 0.799735131754 0.963453693224 0.935634881676 0.709530234551 0.970374709365 0.994059274538 0.936688278845 0.990198435539 0.974440596864 0.627946794907 0.969039200717 0.966086386635 0.579974600816 0.720903259844 0.957032881334 0.96433798975 0.718764032132 0.925848589636 0.596113746149 0.941412761926 0.991192260358 0.476152062379 0.939205754537 0.966279701054 0.988051573658 0.671385488961 0.935245148132 0.969802536041 0.917601913415 0.642684377951 0.871686695019 0.905736063699 0.961370258395 0.602773354786 0.898626498843 0.977778049033 0.985178137194 0.9308987058 0.976139282268 0.52696151299 0.900846090792 0.983678425917 0.987049137989 0.788228593988 0.859555494152 0.85869005662 0.930729100614 0.973480163151 0.855232871472 0.970921963817 0.543668348136 0.968338652205 0.99222009383 0.87242524811 0.974114032348 0.984065497535 0.792146589503 0.93522357082 0.966333531072 0.826001212236 0.958281215584 0.98690372107 0.944640316033 0.955472611916 0.938567607972 0.973336910424 0.956552579781
0.925539600746 1.0 0.898729918793 0.931103637647 0.899433706221 0.940147453347 0.948566935991 0.863783985909 0.961349338816 0.863886433062 0.96834105975 0.908979249744 0.988200868112 0.925775467492 0.925905454341 0.720594075927 0.920070882361 0.952875726512 0.698516361531 0.891067237894 0.963978482002 0.885189254166 0.894616709355 0.824902253844 0.760117264153 0.984654491282 0.937369721641 0.569922164255 0.934915437582 0.96243882986 0.913861399888 0.852925365955 0.984273853195 0.870819637671 0.95079444759 0.806255705793 0.920210790677 0.972675206919 0.915200268247 0.781499382271 0.989756366318 0.953474692558 0.898531108958 0.978100314386 0.880314017335 0.663812031528 0.962316867679 0.952532218006 0.942460889522 0.899073963614 0.874326895604 0.936637691045 0.981486095787 0.951036597706 0.970778564451 0.899727389738 0.712134954752 0.9466648242 0.91568293066 0.967464186149 0.963490114575 0.904885045056 0.893446756527 0.955716007637 0.953102422356 0.942024435004 0.962077379243 0.923191188593 0.971183274563 0.890197469948 0.972861696752 0.919881255349 0.913152145015
0.988310133896 0.898729918793 1.0 0.955099130634 0.774447340938 0.98869400735 0.764406178065 0.98926288223 0.92757686559 0.677049991817 0.936959736876 0.99558240412 0.899710505526 0.965857521658 0.93476962618 0.61066472365 0.980681257571 0.966817712034 0.562707177879 0.686256931301 0.957420762919 0.98763836561 0.682017585494 0.960821186942 0.564804408918 0.908531963734 0.990134143555 0.46470582383 0.944601658547 0.935184379262 0.990344459866 0.636218830122 0.901465013008 0.991415694491 0.919730996342 0.611934655838 0.867574088662 0.894286789526 0.975755106301 0.570425430702 0.861348606434 0.951812492772 0.990829785619 0.899148106013 0.983750194934 0.50566996934 0.864004040654 0.977591099188 0.962102148837 0.775565279427 0.864131082743 0.84980060748 0.902319356276 0.967597240829 0.816109547007 0.95824933646 0.512956976918 0.928569351607 0.983101343511 0.835628538123 0.946483353794 0.974277282591 0.782445132473 0.921067102965 0.940187690909 0.788012209042 0.917942779223 0.959562760887 0.916468399273 0.93207266867 0.897200786685 0.93501609911 0.909774093239
0.987433646421 0.931103637647 0.955099130634 1.0 0.799669579383 0.959046505264 0.813150728173 0.91650087668 0.925100652889 0.722771613893 0.985015424172 0.972110728511 0.954760605407 0.995024573152 0.995847889299 0.624458725092 0.936561012876 0.945266228246 0.57871473028 0.733731496554 0.935256719857 0.919768829714 0.73371622396 0.869135595758 0.60909910044 0.955352803759 0.971899787559 0.469219869742 0.913742517472 0.977726488825 0.96572337984 0.686155023692 0.949438865554 0.927926911726 0.895654050471 0.652752600016 0.856640591989 0.897840590535 0.927443354106 0.616903175264 0.916297918923 0.985281320837 0.959740171055 0.942248976958 0.947754032483 0.530994867256 0.918034466268 0.970646586252 0.992317297939 0.784744078077 0.840656011667 0.847515683 0.939423256039 0.960372816235 0.875750389703 0.962535611285 0.557772877665 0.990288771621 0.982452558742 0.889003109124 0.983916381576 0.975495405793 0.7862420593 0.931081098505 0.973945612356 0.845753167943 0.981322627615 0.995118942012 0.956188271884 0.958490107143 0.962163038742 0.994093493883 0.986403826496
0.797760284172 0.899433706221 0.774447340938 0.799669579383 1.0 0.823439066831 0.924708364294 0.744806426875 0.871873960065 0.954606564759 0.841473516605 0.781671592256 0.878219823964 0.797814906896 0.792715445928 0.920634545325 0.835899512892 0.837296078649 0.916166067426 0.94942735126 0.850143339645 0.771077450479 0.895399354113 0.710748703411 0.925442469221 0.862760252784 0.815555154285 0.811512378656 0.882720743117 0.855511433607 0.78784003498 0.913505982781 0.865224219719 0.748663300963 0.895700948023 0.937576314996 0.937008069807 0.894697260559 0.811169158353 0.897776644866 0.900244511657 0.830604224384 0.775081296194 0.900441437663 0.749749012999 0.882301631382 0.944976460851 0.834407744564 0.816749892114 0.855863561504 0.800983972617 0.947997876766 0.889120750601 0.836845377266 0.911855694631 0.781544044122 0.872822685275 0.818012868528 0.786239442542 0.954809432654 0.838803535415 0.775047151244 0.930747816002 0.865225431081 0.837991541459 0.956987484002 0.83419894476 0.793584606682 0.866428127934 0.766641712219 0.861191879898 0.789889767064 0.777802708387
0.984673736853 0.940147453347 0.98869400735 0.959046505264 0.823439066831 1.0 0.828158098809 0.973403238759 0.958656436444 0.745960051711 0.96047026281 0.986831433021 0.933419530963 0.966401537233 0.941195727016 0.658164094777 0.99138951304 0.989807517632 0.621661067245 0.75666059393 0.985652995974 0.98241621126 0.754844021643 0.944401195526 0.640276251196 0.943984473864 0.995284460002 0.516275321534 0.970679730253 0.956242908594 0.989549111657 0.712528104873 0.936532910053 0.975878074732 0.953562574427 0.682504289973 0.90301080238 0.935936941966 0.983670847443 0.649788881155 0.905344350211 0.967226293931 0.980920179169 0.931854991811 0.972336557057 0.573507032738 0.899257965085 0.992263031046 0.972403535674 0.827793076165 0.887584474244 0.894282217141 0.937594220221 0.984374682769 0.86790305549 0.956044752531 0.592312692772 0.944891905124 0.978117418698 0.880239785735 0.968158651422 0.969622781231 0.834169673888 0.949451211819 0.960197776341 0.840388030432 0.941045072683 0.960396794522 0.946777620952 0.934808977437 0.925265902536 0.939938582579 0.919130199944
0.799735131754 0.948566935991 0.764406178065 0.813150728173 0.924708364294 0.828158098809 1.0 0.727116874586 0.881950514486 0.952186355642 0.875371551823 0.77648312534 0.921418205318 0.801689801052 0.810718380026 0.78174748912 0.807673778326 0.845714836431 0.766632049172 0.978931022904 0.88700224876 0.758475665045 0.984032267302 0.688314145404 0.873438275318 0.914108632862 0.822161622615 0.637406496578 0.864903172264 0.865438925075 0.780792144267 0.962005852189 0.926017418709 0.732318516146 0.88137946716 0.916539265534 0.878096083591 0.924072440275 0.802900107164 0.907084359038 0.962507836362 0.851916575147 0.76588209359 0.923379658656 0.738085951297 0.758950929986 0.922258100167 0.84597534301 0.827183116041 0.894454877153 0.793824117246 0.921605222416 0.913243094824 0.843324796199 0.976089086944 0.771657556953 0.839551287593 0.844529860755 0.788484556969 0.96148454799 0.863183146738 0.773056371009 0.903603993981 0.872195264545 0.851846852847 0.96777203557 0.869334858052 0.798466987984 0.887336372519 0.763655148638 0.896371789984 0.801103520495 0.800216105174
0.963453693224 0.863783985909 0.98926288223 0.91650087668 0.744806426875 0.973403238759 0.727116874586 1.0 0.908236512054 0.644782307457 0.898933623243 0.976672505029 0.857699583773 0.933611729954 0.890932541965 0.585509218159 0.970250309711 0.946948266629 0.540221493703 0.650584066623 0.939508789236 0.996446119758 0.645742399104 0.98083322513 0.53568851276 0.870952364145 0.971188603641 0.444828596532 0.92998850587 0.898533692094 0.969282580707 0.60177952932 0.863541739896 0.997006516281 0.906260655811 0.579576200176 0.851481127436 0.870656263889 0.979241928862 0.540991802537 0.819330797016 0.920811710689 0.984807183858 0.862312811261 0.96626194692 0.481720146478 0.822282131653 0.953424059029 0.929137760495 0.75629706993 0.862974984742 0.830172530583 0.868902869054 0.946806070774 0.773633806266 0.946973512641 0.48635941885 0.88578274838 0.957287164617 0.79468294869 0.913267429931 0.945853649381 0.76455675051 0.897311560889 0.909423739086 0.74780143356 0.875148794259 0.924893030732 0.883983175275 0.90369165074 0.852493936306 0.894015833117 0.863884491217
0.935634881676 0.961349338816 0.92757686559 0.925100652889 0.871873960065 0.958656436444 0.881950514486 0.908236512054 1.0 0.810423657549 0.950364529082 0.929100871596 0.950248857837 0.930061382837 0.914578866081 0.704478845859 0.948455908667 0.964228736485 0.681917330887 0.825379598411 0.963046390281 0.925248268984 0.817958432006 0.878159459285 0.714880749228 0.951151680974 0.950934596778 0.564927323033 0.941385977314 0.941747107912 0.933342242335 0.781895983192 0.942721533023 0.911154822084 0.96945246809 0.743168135694 0.961982968378 0.987277678163 0.961986426457 0.722033348264 0.935730621018 0.949102331139 0.926530908198 0.934787551821 0.905110892436 0.636144616037 0.926889777719 0.959742978883 0.941728749773 0.918142345662 0.935486268192 0.957006801158 0.946821668879 0.982303698461 0.908586036137 0.918281956938 0.664427354827 0.930261210755 0.92496177937 0.918903620847 0.95949693673 0.919717308516 0.919689823158 0.991384283294 0.96195133407 0.889223854046 0.937211176876 0.926101092136 0.979604861951 0.894974456756 0.936685900111 0.914604627729 0.896544030301
0.709530234551 0.863886433062 0.677049991817 0.722771613893 0.954606564759 0.745960051711 0.952186355642 0.644782307457 0.810423657549 1.0 0.783737034337 0.688675575239 0.83436616643 0.713405111921 0.719681425821 0.890061764411 0.747860735817 0.761087990962 0.883846491208 0.981626710908 0.802231564395 0.678991235042 0.9542861958 0.6052561055 0.972566457672 0.815628328956 0.736142809349 0.778407359143 0.830854769031 0.779782710851 0.694568873651 0.982033103058 0.825600939619 0.648154076955 0.828351524711 0.972968130157 0.86519568659 0.852876299881 0.728236698621 0.978720590136 0.879106199241 0.763426646187 0.681017484496 0.852566618426 0.648425123033 0.89263249052 0.880966043331 0.765458449676 0.738970079684 0.831070015645 0.72843182563 0.907297947036 0.826417535693 0.759811656986 0.911794087166 0.688301720122 0.951916689655 0.753292980786 0.699588551975 0.927778080961 0.77730510963 0.682696162301 0.909375480106 0.798645349349 0.765753298367 0.960632351565 0.777993597559 0.709555492359 0.809870938902 0.674631956214 0.80994923128 0.712317577964 0.709228376321
0.970374709365 0.96834105975 0.936959736876 0.985015424172 0.841473516605 0.96047026281 0.875371551823 0.898933623243 0.950364529082 0.783737034337 1.0 0.952270626533 0.980737101413 0.979498841369 0.982322117471 0.664616498632 0.938023755383 0.958519741189 0.632817380881 0.802825240452 0.956464968773 0.911176934591 0.808206607734 0.855971930776 0.676454282963 0.988635456373 0.968498194682 0.514981398343 0.927306452018 0.991641630618 0.951014372222 0.761053288139 0.984177746237 0.90871962629 0.925604088551 0.72034432919 0.886421907387 0.935593716385 0.930326587255 0.691895530152 0.957957546154 0.992439697425 0.941177981223 0.970557741079 0.923558407349 0.592607692392 0.943634119667 0.973683413573 0.987762449222 0.839094426625 0.86348768859 0.885455892915 0.974201699494 0.969553861864 0.921137075896 0.949844421078 0.630379392344 0.993004149705 0.962793096768 0.925913440748 0.994016912948 0.955043251232 0.832784809588 0.951008501773 0.984469987874 0.886522851338 0.993554225097 0.979232032084 0.975557970363 0.943647957702 0.978591786375 0.978963933964 0.973108628992
0.994059274538 0.908979249744 0.99558240412 0.972110728511 0.781671592256 0.986831433021 0.77648312534 0.976672505029 0.929100871596 0.688675575239 0.952270626533 1.0 0.917541124072 0.978276982089 0.956263320433 0.612601913286 0.97462138943 0.96590202757 0.564190601227 0.697148806606 0.956278157139 0.975692448337 0.693171662901 0.943484379223 0.574415437059 0.922292790766 0.993719627038 0.461166831552 0.941923971475 0.948772517722 0.993538580874 0.646871898988 0.915038580348 0.983611271875 0.914430028713 0.621227326894 0.866402019277 0.896711119388 0.967824911743 0.5798808102 0.878055396186 0.963088519986 0.991246494129 0.912617110851 0.985558474887 0.508563141961 0.881486642714 0.984493202494 0.974112764324 0.777935104575 0.860667961445 0.850657358787 0.913259977846 0.971390942397 0.835136721155 0.961872348738 0.52088788927 0.948681503907 0.993624959042 0.852558358479 0.959065750912 0.983662894394 0.78608702417 0.928254109419 0.952454536132 0.806744008431 0.937707973002 0.974599350453 0.929408361699 0.943819345155 0.918360126236 0.95533477488 0.935069837505
0.936688278845 0.988200868112 0.899710505526 0.954760605407 0.878219823964 0.933419530963 0.921418205318 0.857699583773 0.950248857837 0.83436616643 0.980737101413 0.917541124072 1.0 0.945938660591 0.954912120246 0.69937975135 0.908714872861 0.938877132425 0.670247767777 0.860742187206 0.944559825794 0.874148912038 0.86104858708 0.813501329952 0.728114698267 0.987199001744 0.939401121615 0.543838064669 0.916704592727 0.975761195922 0.916398710382 0.817454108435 0.984712864469 0.869399565046 0.924836639617 0.775811533164 0.901362011189 0.950378834494 0.905106722466 0.744017658926 0.987475854012 0.965602823482 0.905381830777 0.979732854132 0.885776497085 0.63431065341 0.969353662489 0.956048106503 0.956719899599 0.871646610212 0.862989060225 0.910285248685 0.980843852673 0.949381450363 0.965407112531 0.911294452683 0.677485713259 0.96905884312 0.931335899472 0.962840410291 0.976536866047 0.918578296218 0.868377540625 0.95359209309 0.963793216768 0.933472531862 0.983786342472 0.946871632917 0.979716778684 0.906640152963 0.994139062172 0.949334037501 0.94666897904
0.990198435539 0.925775467492 0.965857521658 0.995024573152 0.797814906896 0.966401537233 0.801689801052 0.933611729954 0.930061382837 0.713405111921 0.979498841369 0.978276982089 0.945938660591 1.0 0.986821879718 0.625854216431 0.947268011417 0.951872934368 0.581134075849 0.722869141943 0.940130963053 0.935556156837 0.722019412775 0.888958146414 0.600591819818 0.947908832061 0.97662458951 0.474529259339 0.921032241573 0.974443547288 0.973571553329 0.675269464067 0.943370930199 0.942511230609 0.904920457194 0.64280906896 0.864281284512 0.900831065602 0.940143940353 0.60699809009 0.906475526727 0.988206778996 0.972420310013 0.937541050076 0.960085010915 0.528672572718 0.910498090512 0.97251145621 0.996121122928 0.788113400846 0.851044323592 0.852467909347 0.935316214594 0.967187324162 0.861854966365 0.976605436843 0.549884333866 0.981324446137 0.982630429514 0.880389773845 0.98526107575 0.986502624803 0.789583530402 0.93395708603 0.976874819935 0.835232246651 0.971940493494 0.997588518634 0.956235647219 0.968568439839 0.951901077707 0.990150656897 0.975222566813
0.974440596864 0.925905454341 0.93476962618 0.995847889299 0.792715445928 0.941195727016 0.810718380026 0.890932541965 0.914578866081 0.719681425821 0.982322117471 0.956263320433 0.954912120246 0.986821879718 1.0 0.613151751266 0.91579488057 0.928349590139 0.569620752685 0.731473228128 0.918767937192 0.894639563344 0.731217493767 0.842330413827 0.605783895606 0.952984002054 0.956998426583 0.455865847918 0.895377431731 0.973705388415 0.947974386279 0.683541819817 0.946515465116 0.905212090353 0.879174813305 0.64878526439 0.843985412779 0.888254858847 0.907443512524 0.613289583968 0.916208461538 0.978546762761 0.941380320685 0.93783397136 0.927442107267 0.523696877191 0.917296810258 0.959159103579 0.984118798151 0.779674340653 0.828885333282 0.83558922746 0.935375007672 0.948144919914 0.877786888374 0.948766042739 0.553805954051 0.994673168852 0.97453487873 0.887305276939 0.978657841412 0.961274623407 0.776670943995 0.924175592727 0.969068495226 0.845156513587 0.985831111943 0.990766475779 0.952018081962 0.948845621461 0.967420645751 0.995848524698 0.993937339005
0.627946794907 0.720594075927 0.61066472365 0.624458725092 0.920634545325 0.658164094777 0.78174748912 0.585509218159 0.704478845859 0.890061764411 0.664616498632 0.612601913286 0.69937975135 0.625854216431 0.613151751266 1.0 0.692565245312 0.670418039432 0.973251774539 0.857026744228 0.679095501893 0.610933829495 0.783454909007 0.554864136122 0.932746897118 0.680939631171 0.645932918492 0.957657478926 0.746436807429 0.687962286501 0.624785945061 0.842850503386 0.684470680686 0.584217011373 0.745737199893 0.913762655678 0.818239539058 0.727029457748 0.647440426474 0.878157831526 0.728152982867 0.65767419978 0.605495417278 0.729414847157 0.583957915006 0.962954753034 0.791516073731 0.664048634426 0.646020376472 0.701156940624 0.623526096119 0.822513995172 0.712942907883 0.668296923367 0.749785237731 0.610616785335 0.903117426356 0.639570139249 0.610901690679 0.805324445283 0.665355171937 0.603187142948 0.832157611715 0.695816240717 0.661407020752 0.827229630256 0.653889435994 0.621155257231 0.691835348524 0.586478680282 0.68102759875 0.611331607033 0.59311603797
0.969039200717 0.920070882361 0.980681257571 0.936561012876 0.835899512892 0.99138951304 0.807673778326 0.970250309711 0.948455908667 0.747860735817 0.938023755383 0.97462138943 0.908714872861 0.947268011417 0.91579488057 0.692565245312 1.0 0.97965682433 0.66214604198 0.748220318173 0.976262528849 0.979911874673 0.736246927676 0.946648062689 0.657868729316 0.91868317078 0.983496085357 0.568967143218 0.979611714341 0.941559134237 0.979612369699 0.706243443059 0.911685795569 0.969937943556 0.955338350713 0.690765687222 0.91297901696 0.921868185098 0.97819718682 0.656665144406 0.878977298182 0.948703960906 0.969584392279 0.918432946392 0.963496122625 0.611750345611 0.890908606552 0.980537103364 0.954013241597 0.811087425328 0.880231291879 0.896786343457 0.92080981198 0.971205065327 0.84460226033 0.943031473392 0.611715127321 0.920465018206 0.961673118377 0.868326388902 0.948510579062 0.953478475685 0.837358800735 0.938362570906 0.941328381314 0.830053799621 0.915535876104 0.940256018057 0.928565690726 0.917913302229 0.899564711722 0.916527575717 0.890760420721
0.966086386635 0.952875726512 0.966817712034 0.945266228246 0.837296078649 0.989807517632 0.845714836431 0.946948266629 0.964228736485 0.761087990962 0.958519741189 0.96590202757 0.938877132425 0.951872934368 0.928349590139 0.670418039432 0.97965682433 1.0 0.640756226779 0.777639507061 0.984077331667 0.962776480093 0.775112376194 0.916368094969 0.658440396089 0.952644889718 0.980515072276 0.533093796849 0.963605215153 0.953462096372 0.978924958145 0.732470604974 0.94158576004 0.950005730685 0.964608517555 0.698915639934 0.91189210216 0.951675917211 0.970759617668 0.667267771095 0.916636421189 0.959262112088 0.95726082898 0.934295970304 0.954806396873 0.591933432246 0.905677094384 0.981672265279 0.964461454473 0.848288320377 0.885812404542 0.907724794207 0.946207700596 0.981742134594 0.878461441647 0.939248728524 0.609007766391 0.938140662381 0.958178108078 0.8899682736 0.964675597865 0.953249202983 0.848283028872 0.953164235864 0.957631643679 0.849656530519 0.938400534094 0.946267787253 0.95029801556 0.922589757694 0.926679086121 0.925898354982 0.908661014165
0.579974600816 0.698516361531 0.562707177879 0.57871473028 0.916166067426 0.621661067245 0.766632049172 0.540221493703 0.681917330887 0.883846491208 0.632817380881 0.564190601227 0.670247767777 0.581134075849 0.569620752685 0.973251774539 0.66214604198 0.640756226779 1.0 0.850554286773 0.651100755372 0.57122603564 0.771873512053 0.513212047677 0.941648711527 0.65494821426 0.605215830917 0.958656813797 0.721317364697 0.658584446316 0.579412514702 0.836689115802 0.657613792434 0.536641471845 0.727599804751 0.90875396941 0.80636083345 0.707407121917 0.613660972471 0.878503222795 0.700482412824 0.622045775623 0.558928114358 0.707437337653 0.534319734869 0.977038455458 0.777382356493 0.627975033295 0.607836678412 0.689908381469 0.605462566943 0.807264184446 0.695594032182 0.633661580702 0.725524486841 0.569299764757 0.909951864326 0.603384189037 0.563110798353 0.787337945052 0.631217805988 0.556560439605 0.817207867543 0.669894079235 0.63480744625 0.809640999608 0.620342961762 0.575353735302 0.664525505632 0.546746953325 0.649146318101 0.56901009651 0.55145166688
0.720903259844 0.891067237894 0.686256931301 0.733731496554 0.94942735126 0.75666059393 0.978931022904 0.650584066623 0.825379598411 0.981626710908 0.802825240452 0.697148806606 0.860742187206 0.722869141943 0.731473228128 0.857026744228 0.748220318173 0.777639507061 0.850554286773 1.0 0.818920171711 0.685443723466 0.978758251515 0.613774586533 0.940306084027 0.848065587933 0.748016249027 0.736064509091 0.820045498976 0.799876742494 0.703037513417 0.984847516427 0.859286217681 0.654708411892 0.83841208049 0.970168608841 0.866085949287 0.873900087222 0.736179882016 0.954234070742 0.911837964393 0.779245177353 0.687498955316 0.871334409272 0.65639031306 0.848314945086 0.896208202507 0.775252752539 0.75120506049 0.863136304231 0.741227957185 0.907603058907 0.858713602449 0.774729536324 0.939601006841 0.694685526607 0.906711646691 0.769419939159 0.708920076451 0.939650291582 0.79137268512 0.693191347393 0.905408358001 0.814929279552 0.782916149108 0.959510448597 0.797487107019 0.719588152465 0.824881382597 0.684305520011 0.833928625482 0.722246984461 0.720022747835
0.957032881334 0.963978482002 0.957420762919 0.935256719857 0.850143339645 0.985652995974 0.88700224876 0.939508789236 0.963046390281 0.802231564395 0.956464968773 0.956278157139 0.944559825794 0.940130963053 0.918767937192 0.679095501893 0.976262528849 0.984077331667 0.651100755372 0.818920171711 1.0 0.956863255294 0.829966481484 0.911398679004 0.696074437665 0.955261396641 0.977167131267 0.5361213809 0.978087879053 0.948645470948 0.962739403579 0.787100623017 0.955123146844 0.941017000768 0.963887875186 0.74100429021 0.911159491863 0.958981572826 0.966154294164 0.722014884699 0.934504123798 0.956489147759 0.949363608668 0.947697521312 0.938463962222 0.613756310273 0.908528211088 0.98124133332 0.954437028083 0.863862426207 0.887643018592 0.919111735177 0.949893364205 0.973500420547 0.907969428774 0.926941321155 0.656440606027 0.932638886827 0.949805715827 0.90816230921 0.960759936836 0.940927999429 0.865703849891 0.950646520248 0.951932333127 0.877895014523 0.936291175429 0.933702010145 0.948408936552 0.909325037363 0.928738852117 0.915860315929 0.898392047218
0.96433798975 0.885189254166 0.98763836561 0.919768829714 0.771077450479 0.98241621126 0.758475665045 0.996446119758 0.925248268984 0.678991235042 0.911176934591 0.975692448337 0.874148912038 0.935556156837 0.894639563344 0.610933829495 0.979911874673 0.962776480093 0.57122603564 0.685443723466 0.956863255294 1.0 0.681094293532 0.976170289804 0.572974195199 0.889063705807 0.976938171623 0.47247813931 0.947234430819 0.909966748176 0.97301428192 0.639149022732 0.881171304454 0.993693218995 0.927067217257 0.614405713305 0.872070133329 0.893502618925 0.987664119099 0.579925683301 0.84094325289 0.929074756502 0.983746761014 0.879916173894 0.96473519352 0.516107938739 0.840199564385 0.963128594547 0.935970799361 0.783195043497 0.876939747985 0.854984078677 0.888119763198 0.957571549713 0.797762982531 0.948336508154 0.525541742032 0.894198135457 0.957646213192 0.8177273851 0.924602451364 0.945792909309 0.790829137737 0.913111594371 0.920125004356 0.77350080013 0.886296328161 0.926963646223 0.898964405903 0.907061125986 0.86600743441 0.896615370601 0.869039229749
0.718764032132 0.894616709355 0.682017585494 0.73371622396 0.895399354113 0.754844021643 0.984032267302 0.645742399104 0.817958432006 0.9542861958 0.808206607734 0.693171662901 0.86104858708 0.722019412775 0.731217493767 0.783454909007 0.736246927676 0.775112376194 0.771873512053 0.978758251515 0.829966481484 0.681094293532 1.0 0.609577791096 0.891986582988 0.853669255599 0.745912187965 0.652663939572 0.810933579774 0.796425183877 0.700823260472 0.984047069333 0.874769470517 0.648693571597 0.823236233951 0.929555198295 0.824774900423 0.872131566671 0.728358953877 0.939224525147 0.916157916653 0.782227037697 0.683513084531 0.870350859888 0.653906133209 0.781129741783 0.864229706435 0.772216744239 0.752545345167 0.856768072528 0.732030830443 0.878588704324 0.851455174928 0.772131348809 0.939399518338 0.692333696131 0.876001607954 0.772017008874 0.704826401915 0.918090579079 0.793859896236 0.693744618739 0.871248734519 0.805271248476 0.780587509878 0.936657969779 0.800917458267 0.718431156429 0.820031079416 0.682652316798 0.831297526401 0.721388011046 0.721873248051
0.925848589636 0.824902253844 0.960821186942 0.869135595758 0.710748703411 0.944401195526 0.688314145404 0.98083322513 0.878159459285 0.6052561055 0.855971930776 0.943484379223 0.813501329952 0.888958146414 0.842330413827 0.554864136122 0.946648062689 0.916368094969 0.513212047677 0.613774586533 0.911398679004 0.976170289804 0.609577791096 1.0 0.501053751255 0.830119318613 0.941077113709 0.417407213092 0.901853446477 0.85691508818 0.934846508512 0.564847668147 0.82387538213 0.977264446323 0.879156107959 0.545690489451 0.822950438475 0.839493134518 0.955578302644 0.504885762576 0.776891895102 0.879409608393 0.952691756728 0.820090741049 0.933024587668 0.454160742228 0.780164738046 0.921565779633 0.886689392188 0.738671705807 0.857043770416 0.797988972137 0.830858738643 0.915581684577 0.731652998588 0.915325049255 0.450487821049 0.8397131914 0.920507158246 0.75091949224 0.870861112606 0.908186429468 0.737810776377 0.866356917551 0.873445421052 0.703722945531 0.830312608004 0.880453206044 0.84320153523 0.86977203598 0.805421276625 0.84611818025 0.814238965315
0.596113746149 0.760117264153 0.564804408918 0.60909910044 0.925442469221 0.640276251196 0.873438275318 0.53568851276 0.714880749228 0.972566457672 0.676454282963 0.574415437059 0.728114698267 0.600591819818 0.605783895606 0.932746897118 0.657868729316 0.658440396089 0.941648711527 0.940306084027 0.696074437665 0.572974195199 0.891986582988 0.501053751255 1.0 0.709397806831 0.626262701033 0.866908728728 0.747299603267 0.680666251485 0.584411460849 0.946788108241 0.718151946511 0.53609783153 0.744851516396 0.973050957661 0.805254852223 0.757947619027 0.625670654326 0.978649340855 0.777941874674 0.655213490271 0.566963328421 0.753129914438 0.532460455567 0.958961166781 0.804436546189 0.658125982294 0.629704654578 0.750468314052 0.630714904483 0.841462851728 0.73028869556 0.655300931731 0.818956595743 0.577177378366 0.983767348164 0.643428208074 0.583436222899 0.846765938984 0.669971014363 0.56709576262 0.859592959195 0.70147037767 0.661832743075 0.891346647537 0.669280136275 0.596676143956 0.707825772567 0.561632251989 0.70233170521 0.598359472332 0.593501737684
0.941412761926 0.984654491282 0.908531963734 0.955352803759 0.862760252784 0.943984473864 0.914108632862 0.870952364145 0.951151680974 0.815628328956 0.988635456373 0.922292790766 0.987199001744 0.947908832061 0.952984002054 0.680939631171 0.91868317078 0.952644889718 0.65494821426 0.848065587933 0.955261396641 0.889063705807 0.853669255599 0.830119318613 0.709397806831 1.0 0.948683705443 0.531406860642 0.917635150475 0.982187727089 0.924517130511 0.804381371183 0.993559633272 0.880574919276 0.931859957062 0.761554016296 0.893008144641 0.950439896816 0.915295038502 0.729094918171 0.980084555625 0.97481115999 0.910975240378 0.97660304047 0.891252218088 0.618888647382 0.950936946601 0.957901289903 0.963589127121 0.868750114354 0.862599904445 0.900619048476 0.987246360731 0.956812713036 0.947246399729 0.919248499948 0.661750555754 0.973337773394 0.932984303082 0.944433355659 0.979232831939 0.92114922222 0.854696031716 0.948406924441 0.970362551243 0.906397179763 0.982290479004 0.947450027754 0.971474574805 0.911542897349 0.977603226752 0.946870541702 0.943555241742
0.991192260358 0.937369721641 0.990134143555 0.971899787559 0.815555154285 0.995284460002 0.822161622615 0.971188603641 0.950934596778 0.736142809349 0.968498194682 0.993719627038 0.939401121615 0.97662458951 0.956998426583 0.645932918492 0.983496085357 0.980515072276 0.605215830917 0.748016249027 0.977167131267 0.976938171623 0.745912187965 0.941077113709 0.626262701033 0.948683705443 1.0 0.497060040409 0.959253182351 0.963492306577 0.990272559224 0.701824000322 0.941952849707 0.977386319381 0.938685739086 0.672080549993 0.891417036196 0.925065481079 0.977246492545 0.635984630799 0.909274953021 0.97548895684 0.986575260166 0.936142348375 0.975036886898 0.555790331805 0.903825266356 0.994455392377 0.979225681245 0.817907900138 0.882611146329 0.880413840887 0.939764935317 0.983243751615 0.8710003163 0.961807743701 0.576313908983 0.958495572592 0.988601333553 0.882328691333 0.973226752917 0.978122003222 0.821076534341 0.946961284837 0.965727362358 0.840791491638 0.952493204906 0.972684148592 0.948495435896 0.943769629258 0.935146491321 0.95491505048 0.936747000179
0.476152062379 0.569922164255 0.46470582383 0.469219869742 0.811512378656 0.516275321534 0.637406496578 0.444828596532 0.564927323033 0.778407359143 0.514981398343 0.461166831552 0.543838064669 0.474529259339 0.455865847918 0.957657478926 0.568967143218 0.533093796849 0.958656813797 0.736064509091 0.5361213809 0.47247813931 0.652663939572 0.417407213092 0.866908728728 0.531406860642 0.497060040409 1.0 0.617199922306 0.550585028448 0.481959475673 0.732275694534 0.533702072364 0.437542737777 0.618938588135 0.820416261143 0.701160806587 0.584942676061 0.505754688282 0.794745821769 0.571401717894 0.50915053834 0.454581797773 0.585977903714 0.439336005598 0.950924413599 0.65006282202 0.514785706658 0.499885035795 0.558837918241 0.474354439147 0.693465572045 0.571538447595 0.52356571076 0.593593874639 0.463109836669 0.855068442731 0.486638043469 0.454759033654 0.657512909092 0.517124503983 0.451607801711 0.71060220031 0.552298030433 0.51631519005 0.681514365302 0.49883398697 0.468006505018 0.543428045082 0.43549818892 0.522644067518 0.455635258183 0.431876249574
0.939205754537 0.934915437582 0.944601658547 0.913742517472 0.882720743117 0.970679730253 0.864903172264 0.92998850587 0.941385977314 0.830854769031 0.927306452018 0.941923971475 0.916704592727 0.921032241573 0.895377431731 0.746436807429 0.979611714341 0.963605215153 0.721317364697 0.820045498976 0.978087879053 0.947234430819 0.810933579774 0.901853446477 0.747299603267 0.917635150475 0.959253182351 0.617199922306 1.0 0.930172943088 0.949304857328 0.794500101552 0.917153918397 0.930593699592 0.958355392027 0.772832676206 0.923467851732 0.933650506474 0.952196992936 0.756911359599 0.902219940741 0.930835840713 0.935410998796 0.938243066444 0.927187913403 0.685165289862 0.910562791322 0.965774987994 0.933717969866 0.833315480879 0.867064303446 0.929133113767 0.923531453711 0.950199733847 0.884871102405 0.911663135302 0.712096715845 0.905871476256 0.933203481117 0.90913070084 0.9368463042 0.922558602223 0.878352603702 0.929782908351 0.924659738163 0.888426343721 0.908034208182 0.914472222567 0.924714966848 0.891436772066 0.90365320311 0.893970440134 0.874369096658
0.966279701054 0.96243882986 0.935184379262 0.977726488825 0.855511433607 0.956242908594 0.865438925075 0.898533692094 0.941747107912 0.779782710851 0.991641630618 0.948772517722 0.975761195922 0.974443547288 0.973705388415 0.687962286501 0.941559134237 0.953462096372 0.658584446316 0.799876742494 0.948645470948 0.909966748176 0.796425183877 0.85691508818 0.680666251485 0.982187727089 0.963492306577 0.550585028448 0.930172943088 1.0 0.948743322478 0.751987133301 0.978744276339 0.907163253685 0.926360482094 0.725121274699 0.89062762351 0.926132065605 0.925162314204 0.686811333004 0.952299775489 0.985877139202 0.939149549001 0.978295558167 0.923363432127 0.610683429497 0.954008539101 0.967659961751 0.982936907042 0.826042051229 0.853766241899 0.884746056048 0.978312369199 0.962605958656 0.914809878034 0.951302423146 0.630925654229 0.984533804476 0.956697155799 0.927946549096 0.986528153877 0.950561199885 0.830061245071 0.942199615109 0.976884888513 0.884135049714 0.986192546926 0.973622177286 0.966942997405 0.943214631589 0.974099805636 0.971091149198 0.961970401656
0.988051573658 0.913861399888 0.990344459866 0.96572337984 0.78784003498 0.989549111657 0.780792144267 0.969282580707 0.933342242335 0.694568873651 0.951014372222 0.993538580874 0.916398710382 0.973571553329 0.947974386279 0.624785945061 0.979612369699 0.978924958145 0.579412514702 0.703037513417 0.962739403579 0.97301428192 0.700823260472 0.934846508512 0.584411460849 0.924517130511 0.990272559224 0.481959475673 0.949304857328 0.948743322478 1.0 0.65512519965 0.915942350973 0.975516831141 0.925410127664 0.629192096042 0.872142181786 0.905318395385 0.966644802615 0.589885403933 0.878948623358 0.959525582064 0.98323499406 0.913115449748 0.988870689253 0.523808874828 0.880663596474 0.983156508837 0.973934548528 0.783527644072 0.859824110363 0.858728435114 0.915109100306 0.975300634997 0.835721822613 0.957912839278 0.53309977133 0.943257531587 0.984744779983 0.853081629923 0.959099327506 0.98111604593 0.792647383926 0.931361266589 0.949786230204 0.807032474443 0.933356883096 0.969618033384 0.929218248465 0.941109988013 0.913815769988 0.947505016279 0.926482258697
0.671385488961 0.852925365955 0.636218830122 0.686155023692 0.913505982781 0.712528104873 0.962005852189 0.60177952932 0.781895983192 0.982033103058 0.761053288139 0.646871898988 0.817454108435 0.675269464067 0.683541819817 0.842850503386 0.706243443059 0.732470604974 0.836689115802 0.984847516427 0.787100623017 0.639149022732 0.984047069333 0.564847668147 0.946788108241 0.804381371183 0.701824000322 0.732275694534 0.794500101552 0.751987133301 0.65512519965 1.0 0.823172391812 0.603591264524 0.797976774942 0.962409270702 0.820977278345 0.835897863064 0.689340904957 0.98120874797 0.874273736881 0.737071516587 0.637645707671 0.834878406268 0.60654932536 0.853525281311 0.8444613426 0.731145626937 0.706365150971 0.824516320677 0.697543249344 0.873717934713 0.80984922038 0.728160378891 0.908796376083 0.646440749224 0.938815124939 0.724768828022 0.658231087098 0.90356901502 0.749752656513 0.64507378977 0.875372959564 0.767811777943 0.736278374869 0.935432494511 0.753641405618 0.671386843978 0.78060964414 0.635011523311 0.787412480048 0.673805333399 0.673960069209
0.935245148132 0.984273853195 0.901465013008 0.949438865554 0.865224219719 0.936532910053 0.926017418709 0.863541739896 0.942721533023 0.825600939619 0.984177746237 0.915038580348 0.984712864469 0.943370930199 0.946515465116 0.684470680686 0.911685795569 0.94158576004 0.657613792434 0.859286217681 0.955123146844 0.881171304454 0.874769470517 0.82387538213 0.718151946511 0.993559633272 0.941952849707 0.533702072364 0.917153918397 0.978744276339 0.915942350973 0.823172391812 1.0 0.872240545615 0.92702536234 0.772613121287 0.886155190683 0.946460632702 0.905763424492 0.746472751547 0.983801132239 0.972076546973 0.904757190426 0.982341102263 0.883648950684 0.622888985281 0.950211703478 0.950230899087 0.958243830894 0.866034243171 0.857655447046 0.899472330527 0.983200801985 0.948904217196 0.953856557272 0.916000026177 0.674519808109 0.967807986133 0.925343307398 0.948597895938 0.973734781002 0.917447506866 0.852955429997 0.940263211818 0.963372849482 0.913128764827 0.976764011392 0.941899314003 0.964189461402 0.908614948627 0.973690208191 0.941559444256 0.936610327618
0.969802536041 0.870819637671 0.991415694491 0.927926911726 0.748663300963 0.975878074732 0.732318516146 0.997006516281 0.911154822084 0.648154076955 0.90871962629 0.983611271875 0.869399565046 0.942511230609 0.905212090353 0.584217011373 0.969937943556 0.950005730685 0.536641471845 0.654708411892 0.941017000768 0.993693218995 0.648693571597 0.977264446323 0.53609783153 0.880574919276 0.977386319381 0.437542737777 0.930593699592 0.907163253685 0.975516831141 0.603591264524 0.872240545615 1.0 0.904982667869 0.581297183239 0.852201125497 0.873649025336 0.97787351905 0.540472069427 0.830101319305 0.928469757155 0.988551700986 0.870801552292 0.97224573037 0.478221657883 0.83348917704 0.961168553627 0.937436016506 0.758077680857 0.865461555884 0.831068751148 0.876465590664 0.95330613535 0.78488814657 0.951279485595 0.48392698974 0.899096227035 0.967805514703 0.804852507403 0.921648331082 0.954268762807 0.766235304257 0.905443321563 0.916924957291 0.757937617474 0.887845258921 0.936107434082 0.89198000159 0.914478551011 0.866693099834 0.906925855942 0.879813481611
0.917601913415 0.95079444759 0.919730996342 0.895654050471 0.895700948023 0.953562574427 0.88137946716 0.906260655811 0.96945246809 0.828351524711 0.925604088551 0.914430028713 0.924836639617 0.904920457194 0.879174813305 0.745737199893 0.955338350713 0.964608517555 0.727599804751 0.83841208049 0.963887875186 0.927067217257 0.823236233951 0.879156107959 0.744851516396 0.931859957062 0.938685739086 0.618938588135 0.958355392027 0.926360482094 0.925410127664 0.797976774942 0.92702536234 0.904982667869 1.0 0.769084336488 0.956710384544 0.966786726611 0.951229387589 0.745253704546 0.917357443499 0.927416060836 0.913688235106 0.930527106156 0.897217324938 0.680143508142 0.916398266327 0.94560287451 0.920391081769 0.882068579978 0.902837613834 0.959799366655 0.944878162364 0.958600094161 0.891501967549 0.902121865695 0.696174877043 0.898148292823 0.906029105686 0.914165769993 0.934036160859 0.900693204682 0.910243735141 0.955674589426 0.932403699642 0.885099770276 0.906275542762 0.897432794459 0.941001173891 0.876036780795 0.907324541061 0.879433592756 0.858499891148
0.642684377951 0.806255705793 0.611934655838 0.652752600016 0.937576314996 0.682504289973 0.916539265534 0.579576200176 0.743168135694 0.972968130157 0.72034432919 0.621227326894 0.775811533164 0.64280906896 0.64878526439 0.913762655678 0.690765687222 0.698915639934 0.90875396941 0.970168608841 0.74100429021 0.614405713305 0.929555198295 0.545690489451 0.973050957661 0.761554016296 0.672080549993 0.820416261143 0.772832676206 0.725121274699 0.629192096042 0.962409270702 0.772613121287 0.581297183239 0.769084336488 1.0 0.819191527494 0.789613389227 0.661541096649 0.965988948083 0.831037454322 0.699400374871 0.611205811076 0.800260843454 0.580791885807 0.918906417458 0.841215681344 0.700264338869 0.672056246406 0.784949844692 0.657126373079 0.856833462453 0.78032744193 0.693171487154 0.869199136556 0.615757503228 0.944183936313 0.687472647018 0.630439688196 0.884543304445 0.71032130027 0.613932924016 0.86762949812 0.732446994219 0.699157105764 0.917958075385 0.713120455561 0.640059164186 0.738812423507 0.600862142598 0.748839511003 0.640120782767 0.635550939007
0.871686695019 0.920210790677 0.867574088662 0.856640591989 0.937008069807 0.90301080238 0.878096083591 0.851481127436 0.961982968378 0.86519568659 0.886421907387 0.866402019277 0.901362011189 0.864281284512 0.843985412779 0.818239539058 0.91297901696 0.91189210216 0.80636083345 0.866085949287 0.911159491863 0.872070133329 0.824774900423 0.822950438475 0.805254852223 0.893008144641 0.891417036196 0.701160806587 0.923467851732 0.89062762351 0.872142181786 0.820977278345 0.886155190683 0.852201125497 0.956710384544 0.819191527494 1.0 0.955572198697 0.914517767291 0.78761338562 0.89792924368 0.886936986136 0.865523384137 0.904647896625 0.841384323579 0.753744301908 0.929091865494 0.902760733911 0.877613920494 0.906418872562 0.909857478751 0.984976003082 0.908969684075 0.92676391654 0.885349425103 0.856422867146 0.749774875053 0.862731263654 0.860118090608 0.925136992307 0.8965203095 0.854903132652 0.958381610627 0.9520190584 0.905225731316 0.90652809931 0.872688558102 0.858110199477 0.931666459866 0.83355936919 0.885409460904 0.845644066637 0.823482482754
