1.0 0.980200119849 0.99082098804 0.994594641882 0.869514262151 0.989984615469 0.874258857187 0.97354122432 0.976313504346 0.831201467862 0.990119739163 0.989875831634 0.982102383204 0.992064492861 0.981818912833 0.678448477901 0.986829924905 0.977505375028 0.71723349297 0.742872566008 0.983652582118 0.973699504366 0.759828514411 0.959673156575 0.683311794218 0.971869690859 0.988943791382 0.655101653403 0.981216510045 0.977490800814 0.986404349714 0.735906091939 0.977642937058 0.973659660324 0.969543372136 0.651792007895 0.956483166576 0.964868114202 0.972326361451 0.694316127879 0.956002270352 0.98976259457 0.979103307604 0.9734640285 0.971009952123 0.658940846309 0.946033000025 0.986441068334 0.991396288062 0.928656553724 0.940073706367 0.958106207648 0.95927091211 0.983403987058 0.919458495238 0.975062848805 0.680661694136 0.978585217037 0.983073791939 0.952809921066 0.989791961621 0.982339344687 0.929060311726 0.974761630328 0.980916201119 0.920413096803 0.97809571865 0.986623722402 0.981294991422 0.955985724419 0.97353252325 0.97976492454 0.972184055702
0.980200119849 1.0 0.966258943582 0.978880204982 0.887791707282 0.97695930553 0.934100481864 0.942500764223 0.976856337835 0.881229975021 0.984861025776 0.967490393038 0.993014911368 0.973874437808 0.969769138091 0.670069907989 0.963976151503 0.982535869736 0.721333048793 0.805254281184 0.976860966725 0.947000985982 0.830238454704 0.929454362083 0.727911587539 0.98847926985 0.970859356491 0.639044108516 0.969222647403 0.959596230533 0.970977069707 0.80055165123 0.980350698841 0.944202418289 0.971075518914 0.694247319157 0.952496345865 0.98009553235 0.952783129935 0.749550517862 0.986565514522 0.975300062982 0.95183382245 0.966434266452 0.950666911568 0.683149485357 0.950740031802 0.973937020502 0.978479039445 0.951623172128 0.92896804248 0.966445653259 0.967917983313 0.974211376481 0.960761150769 0.94799657358 0.724492134105 0.969778925023 0.964731234474 0.975069014093 0.982073585227 0.961634629288 0.945193109566 0.972523551853 0.971484783819 0.956806746089 0.975242315426 0.968898081687 0.981213553738 0.931521862342 0.980224455107 0.961590142844 0.961237919577
0.99082098804 0.966258943582 1.0 0.978917311653 0.85670275021 0.997344107936 0.85651850504 0.987371454478 0.981941914808 0.822646851777 0.971454028844 0.996430696675 0.965409694162 0.988876823724 0.965662423104 0.673340840615 0.997323628455 0.982924334693 0.704432144722 0.722723750906 0.991886347378 0.987118846276 0.743065830481 0.974484162686 0.67362646042 0.953828006137 0.994918498643 0.649641263554 0.991695689439 0.95654103312 0.99257528013 0.721433697005 0.957085860533 0.986520082302 0.978399405369 0.635166377522 0.964916034034 0.970059931075 0.984343219763 0.682775475645 0.93705274522 0.985770666163 0.987945862214 0.955385341442 0.977524741504 0.652572371481 0.925306446766 0.992945069599 0.98811260064 0.932563472977 0.951033465121 0.966011137443 0.941975229328 0.988166994116 0.901246862139 0.977180300085 0.675896998285 0.961096771331 0.98537152547 0.936113483083 0.986242521646 0.985255538797 0.937666330013 0.978879945558 0.979472106708 0.90735279368 0.96047208161 0.98337454171 0.97905965452 0.95663800575 0.956601893226 0.970936210594 0.956765424176
0.994594641882 0.978880204982 0.978917311653 1.0 0.866767074679 0.978967945895 0.875877356694 0.95851393668 0.966498076299 0.822949728832 0.997281891146 0.981846120874 0.987526022147 0.9926741942 0.992412753096 0.671056707018 0.972537375417 0.96894835726 0.717624170883 0.747107900456 0.971278957563 0.95874185469 0.760742906227 0.943168753474 0.678211613314 0.980473247376 0.981544253332 0.649025152072 0.965776972267 0.987641997259 0.978811739763 0.733705246757 0.987130369327 0.959747738331 0.956891048109 0.654457877656 0.942929938275 0.955453234072 0.958762222612 0.689581317588 0.963491965331 0.991170300824 0.96944173126 0.980893960594 0.963065304927 0.65255181729 0.954701241369 0.97808772673 0.992276304323 0.922981979387 0.92681549801 0.944684580743 0.967886131771 0.977230307702 0.927789342045 0.971558785027 0.670604238405 0.990311033682 0.979520959467 0.956448751897 0.990439201699 0.978787606531 0.915953065822 0.967870404765 0.981971460502 0.919000162342 0.98956774476 0.988997313032 0.979831699705 0.9563215441 0.98266374002 0.985763311477 0.984599827367
0.869514262151 0.887791707282 0.85670275021 0.866767074679 1.0 0.864468928556 0.90120845374 0.833706127826 0.872632065244 0.940421394584 0.870647002752 0.856674867287 0.881765805584 0.859376172711 0.860233555502 0.869187057182 0.868989959899 0.869003320264 0.928397593231 0.907722755873 0.859775474241 0.836624854467 0.836552635438 0.820439257236 0.895438799568 0.883086533766 0.858694586048 0.85134890726 0.869279106542 0.891893064284 0.857157173903 0.868396193458 0.8732324675 0.835265603729 0.880716955132 0.859586255891 0.900674437751 0.877168959909 0.843630317573 0.865058260848 0.894599641203 0.859526746222 0.840840911251 0.89368026378 0.836426395927 0.88591546551 0.942998163548 0.861587173316 0.861480135019 0.870029523528 0.830444893879 0.897440216688 0.920486237854 0.862854216375 0.886357478799 0.83210026351 0.862862912923 0.861887168088 0.854674746602 0.935606439505 0.864551435297 0.846987229885 0.893866867798 0.871525176351 0.857014553029 0.925861043596 0.864445694261 0.855095047481 0.873082875829 0.813301113797 0.875409697768 0.848312026035 0.856635267623
0.989984615469 0.97695930553 0.997344107936 0.978967945895 0.864468928556 1.0 0.878289895416 0.982634889762 0.988005301066 0.842265673909 0.974751838208 0.994146379947 0.972843565706 0.988712220702 0.966275353144 0.671871795385 0.996464686335 0.991089417833 0.706590422768 0.743992876485 0.996687736806 0.984404878448 0.768141364612 0.970438035013 0.690781088832 0.962826604658 0.994579025524 0.645722842276 0.995136432001 0.955421659104 0.993642463941 0.744591929806 0.962312310936 0.982386809877 0.985395030314 0.650071747932 0.96955503572 0.980797628259 0.984412141204 0.70381821167 0.949242117503 0.986387977663 0.984765769444 0.957758362845 0.977665741793 0.663299202248 0.929680111423 0.994435990418 0.989905571649 0.943819390077 0.954301881996 0.975088300868 0.947982359785 0.991005061065 0.916561490698 0.974281282835 0.694211020673 0.962567007672 0.984393242039 0.945812081488 0.989188090915 0.984066449533 0.948949407863 0.983121128767 0.981451002065 0.922111996874 0.963461052909 0.982331117402 0.983696296389 0.954166459791 0.962081437327 0.970018109055 0.957659154925
0.874258857187 0.934100481864 0.85651850504 0.875877356694 0.90120845374 0.878289895416 1.0 0.82635114038 0.885819634569 0.953202405829 0.893371992808 0.857836210296 0.914960918975 0.866213673992 0.871253883932 0.720782037982 0.857884157531 0.898080519277 0.769336151689 0.935416842355 0.894172235658 0.836154451696 0.957646156526 0.81458026416 0.843941224214 0.925269423775 0.865894881667 0.678971144771 0.880940538752 0.872173460847 0.867433344757 0.936683027102 0.916510926967 0.829164269198 0.882800780058 0.829269155289 0.861830077989 0.914868519256 0.845026360971 0.883138000577 0.956319504318 0.871007102483 0.836875106864 0.899359677237 0.839052156688 0.784686972182 0.892907909701 0.874365176567 0.877643685675 0.909947993818 0.82139466672 0.893967443566 0.910125890746 0.87203311623 0.970348847868 0.830463574641 0.840394802188 0.87933777285 0.856800485054 0.93967372259 0.884222789244 0.848971306018 0.892013131775 0.876094497892 0.8698963762 0.95586069258 0.888905995655 0.860010323938 0.887954384938 0.807840662083 0.900965655633 0.856174032965 0.867084681102
0.97354122432 0.942500764223 0.987371454478 0.95851393668 0.833706127826 0.982634889762 0.82635114038 1.0 0.966221361389 0.797607859056 0.949593404838 0.98631334393 0.941966789529 0.970638360896 0.945639752777 0.649823399723 0.984620248068 0.966442956276 0.678149211863 0.688038990856 0.97714617624 0.999204491035 0.709225728945 0.988612079471 0.642194117331 0.928470025808 0.984243995241 0.624756699559 0.978627402771 0.934552179052 0.98302452543 0.687967703375 0.934379234543 0.9980987115 0.963893705535 0.59728931318 0.950390263398 0.952380098652 0.994753281888 0.648699326211 0.9108512448 0.966896037384 0.996455551965 0.933940648671 0.979184525798 0.623646735823 0.901158356191 0.982234023055 0.969215761694 0.917665004221 0.959998374973 0.950443630836 0.918082320141 0.97774724746 0.872501910321 0.982224538715 0.64375794563 0.93998357012 0.978082297874 0.912613924122 0.966907288682 0.979166177047 0.925171648608 0.968908270562 0.968309481809 0.884649458053 0.93903910775 0.969751219363 0.962651927184 0.956397257462 0.934338957128 0.960105831972 0.936954959582
0.976313504346 0.976856337835 0.981941914808 0.966498076299 0.872632065244 0.988005301066 0.885819634569 0.966221361389 1.0 0.853669419187 0.963965336943 0.980852529699 0.970397848662 0.977605049728 0.955017737608 0.678665925557 0.981711651792 0.990204146052 0.717340852451 0.754642215098 0.982468569241 0.968707988519 0.771345202402 0.952551919297 0.70384237481 0.956406017151 0.981403860351 0.651093827933 0.982072969217 0.938715925537 0.985712999485 0.752368509838 0.948402012484 0.966128844221 0.990603634541 0.652123690327 0.986867425096 0.994750554364 0.978591006537 0.713469655427 0.949129621633 0.974608532386 0.971563693532 0.942132332468 0.968753230031 0.670840382036 0.928093914402 0.982919475213 0.979277749278 0.969225102304 0.965934642765 0.991768140013 0.940137976829 0.992516472022 0.921395366886 0.962131932498 0.706266303657 0.950036373879 0.972178671514 0.947312749996 0.981504783442 0.977662524007 0.973428706686 0.994180411585 0.982410663689 0.92900257763 0.953884505058 0.971955140248 0.991641982049 0.946922075893 0.958162610209 0.961865400818 0.946398200216
0.831201467862 0.881229975021 0.822646851777 0.822949728832 0.940421394584 0.842265673909 0.953202405829 0.797607859056 0.853669419187 1.0 0.834753396397 0.821184319992 0.859022024894 0.818890482136 0.812388517431 0.825155198854 0.837364319834 0.856734111888 0.857116342016 0.953470743207 0.852943922858 0.806548338877 0.924228900363 0.788997442888 0.93887763622 0.861108163381 0.828043199722 0.777874095441 0.862779257572 0.828610482637 0.828954009637 0.957544920177 0.847170848264 0.799176037559 0.863791687413 0.895797868597 0.862592401187 0.876790260038 0.816554591898 0.951956793694 0.890791985282 0.821695687204 0.801603598228 0.86380382766 0.803105350014 0.887266916033 0.870460091293 0.838886659339 0.826943447376 0.872223660745 0.802238494987 0.885772286099 0.875261427852 0.834793524612 0.910498711798 0.787766907966 0.941002861329 0.815679947151 0.815043988027 0.916273290174 0.835104799883 0.808484878253 0.888415023134 0.845754109838 0.820514595701 0.949391779804 0.824565469134 0.812008869218 0.844378598635 0.760940886903 0.840607033359 0.800780979763 0.804654352254
0.990119739163 0.984861025776 0.971454028844 0.997281891146 0.870647002752 0.974751838208 0.893371992808 0.949593404838 0.963965336943 0.834753396397 1.0 0.975147219054 0.991892879098 0.988903858172 0.991715348218 0.665211434352 0.965253516564 0.970299564216 0.715230771577 0.764365338455 0.9692702626 0.9509871477 0.781469948795 0.935801304151 0.686298423567 0.98973177401 0.977014213493 0.640925649333 0.961311797516 0.987023816404 0.97391471635 0.751630112389 0.993648779154 0.951516776185 0.955566160748 0.666392143851 0.93759844501 0.957032201992 0.95228878798 0.702878342476 0.974321893815 0.989586691683 0.962596489688 0.984547466414 0.958403118891 0.655749647997 0.956697883531 0.973992604901 0.990397523947 0.924986769576 0.920805102329 0.943336337684 0.97446305611 0.973616439101 0.939375651323 0.966242107129 0.678586556998 0.991638805174 0.975130526838 0.963985591663 0.989643605861 0.974219737369 0.915452293274 0.964434875907 0.979952140085 0.92759285852 0.992242474649 0.985078833913 0.978767670321 0.950912760954 0.985806023187 0.984056668247 0.984737037658
0.989875831634 0.967490393038 0.996430696675 0.981846120874 0.856674867287 0.994146379947 0.857836210296 0.98631334393 0.980852529699 0.821184319992 0.975147219054 1.0 0.969305479872 0.9897918438 0.971710446422 0.667055891784 0.992954066011 0.981949911505 0.702749333878 0.723489717228 0.988118705969 0.98633225586 0.742689571134 0.972854529618 0.67060517613 0.958227214671 0.998748146002 0.642817030733 0.986757665436 0.960596205795 0.996303565793 0.719677553305 0.961279382962 0.986214712124 0.975541234564 0.633436676934 0.962360612613 0.969447328465 0.984551556674 0.67945015702 0.94186700057 0.986541840744 0.989477308089 0.958762983549 0.980826840997 0.647472244877 0.930083826985 0.996790865421 0.989225387681 0.936791363557 0.951944802425 0.964171204101 0.945739942691 0.992906601258 0.906196164819 0.980399348362 0.670321598016 0.967332527022 0.991537304925 0.940001823861 0.987606030012 0.989712663209 0.936689911819 0.983723333436 0.984901939348 0.909863221561 0.967146225446 0.990085575204 0.981391208578 0.962108608569 0.963335803393 0.974786277148 0.963361652883
0.982102383204 0.993014911368 0.965409694162 0.987526022147 0.881765805584 0.972843565706 0.914960918975 0.941966789529 0.970397848662 0.859022024894 0.991892879098 0.969305479872 1.0 0.980930732813 0.983328866871 0.666712804331 0.960935774044 0.973680552336 0.719960666159 0.787480620637 0.969000294397 0.944647770723 0.805433766813 0.928056908804 0.709587169007 0.991013066231 0.971865813878 0.637577061215 0.961365048669 0.972352016478 0.96964582318 0.775491114913 0.985368001323 0.943880143116 0.960527095419 0.682440201693 0.945468315302 0.967730713981 0.949848451289 0.726076299114 0.987381856762 0.98149484566 0.954360133988 0.97291835663 0.951029191576 0.667390098813 0.964133418404 0.973806994162 0.983287816945 0.938864751046 0.924502449102 0.953646487579 0.972406550066 0.972739655862 0.959920918325 0.954514124348 0.698136853502 0.982457086079 0.970358299391 0.976832779526 0.986689278484 0.965513946369 0.930058523939 0.970900799169 0.97509846782 0.952139778933 0.987205882656 0.976913777652 0.983999753692 0.939958300781 0.992469739964 0.972768914242 0.9761818844
0.992064492861 0.973874437808 0.988876823724 0.9926741942 0.859376172711 0.988712220702 0.866213673992 0.970638360896 0.977605049728 0.818890482136 0.988903858172 0.9897918438 0.980930732813 1.0 0.986813180574 0.668282917226 0.983756032364 0.978904310154 0.707143065441 0.732448989648 0.980991934069 0.970860300319 0.747656641226 0.956511039066 0.670671156456 0.97330738826 0.989766121141 0.644856029316 0.977244599782 0.976851268231 0.987303309855 0.722310320641 0.976864254708 0.971200478099 0.969272672109 0.640914669181 0.955741689046 0.965655192313 0.97198506059 0.680022651437 0.955191009589 0.998172153506 0.980230663727 0.973287868913 0.974725663682 0.645877237495 0.943260988603 0.986191118459 0.998869460136 0.932862954804 0.943733124621 0.956990146741 0.961095428129 0.985851980397 0.920513709955 0.982539258964 0.666749986942 0.983886482466 0.985073958685 0.949706963571 0.997324306427 0.988973480122 0.928164447387 0.977544373392 0.988686801575 0.91505172567 0.983221763033 0.994372329197 0.987761944483 0.967025997682 0.976503200518 0.989571615035 0.980752853226
0.981818912833 0.969769138091 0.965662423104 0.992412753096 0.860233555502 0.966275353144 0.871253883932 0.945639752777 0.955017737608 0.812388517431 0.991715348218 0.971710446422 0.983328866871 0.986813180574 1.0 0.662614592175 0.95786363354 0.95852849207 0.714765923516 0.748007615845 0.957847571228 0.945973262633 0.757930223914 0.93290858935 0.672120099704 0.978806317146 0.972133488311 0.641180085452 0.949897831489 0.984905408724 0.967762031505 0.728597040922 0.983993893894 0.948891269083 0.9429603089 0.656676140256 0.929441310372 0.944331648705 0.94616380755 0.68214135726 0.961343164518 0.986402790174 0.960181876625 0.976403644898 0.954851688048 0.645981206477 0.955182298358 0.968548599021 0.98649210196 0.915274199389 0.913903598926 0.931083025712 0.965936013789 0.967453733663 0.929412278321 0.967278351288 0.65722815049 0.998907741954 0.978034385485 0.951474268574 0.985134509162 0.972156095466 0.902845121643 0.959687960142 0.977253766403 0.911073291284 0.997783324214 0.988947028054 0.974897782712 0.952641495673 0.990113179177 0.988880926663 0.994766770178
0.678448477901 0.670069907989 0.673340840615 0.671056707018 0.869187057182 0.671871795385 0.720782037982 0.649823399723 0.678665925557 0.825155198854 0.665211434352 0.667055891784 0.666712804331 0.668282917226 0.662614592175 1.0 0.688472035599 0.663304071968 0.963087757193 0.836691616307 0.662425166581 0.649986839199 0.726267859177 0.637245076782 0.916387070177 0.66457687701 0.665918811422 0.981215064195 0.683016382741 0.698796999733 0.660135197192 0.79330535221 0.662889348254 0.648868336291 0.692302361407 0.89596810594 0.7269048967 0.675002919567 0.655599494517 0.84768920875 0.674182257634 0.664442054667 0.650851166972 0.694204299285 0.64139677235 0.954584153402 0.742443732555 0.667066409981 0.663528025508 0.682767887352 0.635496911099 0.708767947715 0.71273176017 0.665852622539 0.677106369174 0.640529113366 0.879638378229 0.661247555076 0.656195451113 0.720840406137 0.665340184719 0.655305606783 0.720800794953 0.67454308787 0.653972014729 0.733485578401 0.658434858595 0.660881828697 0.672273335708 0.613009928698 0.662661958851 0.651328626679 0.658522212915
0.986829924905 0.963976151503 0.997323628455 0.972537375417 0.868989959899 0.996464686335 0.857884157531 0.984620248068 0.981711651792 0.837364319834 0.965253516564 0.992954066011 0.960935774044 0.983756032364 0.95786363354 0.688472035599 1.0 0.982417363148 0.719188527081 0.732758667296 0.99139370771 0.984905643909 0.747499442557 0.973741186632 0.692771052578 0.947956084444 0.992542958836 0.666559764741 0.995042597615 0.952726770013 0.98946540865 0.733008282698 0.949469853659 0.983855069309 0.981645895576 0.649152122959 0.97099468585 0.970440610496 0.983387397312 0.699400917936 0.932406985413 0.980690019896 0.98431247011 0.952754740441 0.975627491222 0.673361726365 0.926669767536 0.991821441155 0.983069495807 0.931594209295 0.95095017171 0.971587498555 0.940930363476 0.98598788046 0.897710744392 0.971610188356 0.697707035794 0.952475680703 0.981778742768 0.938785630695 0.981843321716 0.980899222083 0.944644579052 0.977566373836 0.97345008629 0.914165272837 0.952094308504 0.977475781476 0.975706437742 0.950240346463 0.950251215667 0.963161038964 0.947738673155
0.977505375028 0.982535869736 0.982924334693 0.96894835726 0.869003320264 0.991089417833 0.898080519277 0.966442956276 0.990204146052 0.856734111888 0.970299564216 0.981949911505 0.973680552336 0.978904310154 0.95852849207 0.663304071968 0.982417363148 1.0 0.705301307221 0.76374936204 0.988816444108 0.97061369665 0.789004753514 0.954601868476 0.702687001906 0.967539977831 0.984100687488 0.634438453672 0.98435961611 0.944798380411 0.989554243432 0.762442923344 0.960056065833 0.967114886588 0.991912384036 0.660194904333 0.970854437209 0.989302640589 0.975548530362 0.718139552684 0.957541885001 0.97906319041 0.971570278731 0.951327763381 0.970093344027 0.666850109741 0.928474153593 0.985216532986 0.982599050111 0.956336210971 0.954036288406 0.981545422031 0.950187185513 0.990102463654 0.927214376251 0.962496468233 0.704372472809 0.95637588824 0.974419175165 0.950376973187 0.984369383467 0.977029880451 0.958187363581 0.984486048979 0.980784021391 0.929382508828 0.959891800631 0.974057378088 0.984382857457 0.943938524597 0.960912851462 0.961638255178 0.950350598988
0.71723349297 0.721333048793 0.704432144722 0.717624170883 0.928397593231 0.706590422768 0.769336151689 0.678149211863 0.717340852451 0.857116342016 0.715230771577 0.702749333878 0.719960666159 0.707143065441 0.714765923516 0.963087757193 0.719188527081 0.705301307221 1.0 0.879854481597 0.696631641392 0.679264762815 0.756236653675 0.662715703535 0.92822596986 0.722447416572 0.702300678726 0.96338178406 0.712629165564 0.754834961806 0.69821096921 0.818549236868 0.714055434348 0.67888282196 0.728353954258 0.90493238938 0.767898800255 0.717046976965 0.68557043842 0.857811471724 0.731274737076 0.703906145335 0.68450163527 0.742884013376 0.674572454471 0.958467313935 0.816790113549 0.703693207726 0.704938884584 0.726198386853 0.664974435029 0.749280312556 0.776020903043 0.705989507559 0.734373547973 0.674967457526 0.874851971612 0.715141216312 0.698711368117 0.781484311104 0.706460058666 0.690762521984 0.75968856837 0.71638721361 0.699814635449 0.780251688552 0.713496261205 0.703018416814 0.715247985862 0.649806822175 0.719977882836 0.696761004528 0.714817635883
0.742872566008 0.805254281184 0.722723750906 0.747107900456 0.907722755873 0.743992876485 0.935416842355 0.688038990856 0.754642215098 0.953470743207 0.764365338455 0.723489717228 0.787480620637 0.732448989648 0.748007615845 0.836691616307 0.732758667296 0.76374936204 0.879854481597 1.0 0.758548482642 0.697923119653 0.957359188728 0.677001914161 0.951960427578 0.80385012533 0.731403127857 0.805613171818 0.754464910534 0.770244250603 0.730846534288 0.978516103094 0.793340333632 0.690869689977 0.757210441668 0.954418762543 0.761582167977 0.786090189727 0.705638767581 0.962967248778 0.842724479377 0.737467647718 0.698042482245 0.792347073329 0.697408662901 0.914048951467 0.824436445587 0.74136355725 0.742933874221 0.800683059766 0.679787304824 0.781762171555 0.814774290619 0.736640165948 0.875917066534 0.689782331274 0.930311982993 0.758034404149 0.724611864742 0.84786401106 0.749194692221 0.711186502523 0.794801220436 0.746903428739 0.733950719751 0.877613611262 0.765017950264 0.727051955816 0.75637117454 0.661206915008 0.779770450881 0.72508827165 0.749435159681
0.983652582118 0.976860966725 0.991886347378 0.971278957563 0.859775474241 0.996687736806 0.894172235658 0.97714617624 0.982468569241 0.852943922858 0.9692702626 0.988118705969 0.969000294397 0.980991934069 0.957847571228 0.662425166581 0.99139370771 0.988816444108 0.696631641392 0.758548482642 1.0 0.980327860628 0.793832523107 0.965513916483 0.696596356246 0.961239716866 0.989972468019 0.635099782563 0.995337887706 0.946503847178 0.98844542272 0.766584169706 0.961116767016 0.977457679803 0.980929616416 0.659456694556 0.960411309349 0.980811431859 0.979192402668 0.721055904538 0.952265539507 0.978814187413 0.978491549982 0.954065080675 0.972115718326 0.66454105615 0.920375783514 0.990729081952 0.983911415716 0.943468451389 0.944694666708 0.971607249293 0.943697107547 0.984350255474 0.923602478872 0.964845311005 0.705298092224 0.955351498377 0.977909862513 0.945308509647 0.983485641878 0.976007550398 0.945856960087 0.976116121159 0.973666194279 0.926260872317 0.956903770355 0.973399818632 0.976605358582 0.943193812287 0.95606632087 0.960957543944 0.949589338517
0.973699504366 0.947000985982 0.987118846276 0.95874185469 0.836624854467 0.984404878448 0.836154451696 0.999204491035 0.968707988519 0.806548338877 0.9509871477 0.98633225586 0.944647770723 0.970860300319 0.945973262633 0.649986839199 0.984905643909 0.97061369665 0.679264762815 0.697923119653 0.980327860628 1.0 0.721830300597 0.987517312843 0.650262354822 0.931995678128 0.984904641081 0.623884068589 0.980957950867 0.933815556169 0.984468911623 0.699149430658 0.936550800319 0.99754421856 0.967559680655 0.604652705237 0.952178735758 0.957137086377 0.996110358532 0.658850478628 0.915638215067 0.967499938579 0.996280888674 0.934831636095 0.980165572106 0.629168970502 0.902074013259 0.983509245186 0.970295598193 0.922279527898 0.961487992311 0.954467733052 0.920529518938 0.97929008604 0.87845908976 0.982176728283 0.652700377365 0.940768431812 0.977991589004 0.916084643675 0.968290315039 0.979099287677 0.929484084834 0.970801770182 0.969713052862 0.890012202866 0.940309189851 0.969921934499 0.964518985644 0.955177739473 0.936287181633 0.960304841952 0.937390429822
0.759828514411 0.830238454704 0.743065830481 0.760742906227 0.836552635438 0.768141364612 0.957646156526 0.709225728945 0.771345202402 0.924228900363 0.781469948795 0.742689571134 0.805433766813 0.747656641226 0.757930223914 0.726267859177 0.747499442557 0.789004753514 0.756236653675 0.957359188728 0.793832523107 0.721830300597 1.0 0.698850915829 0.871555616581 0.821604575869 0.753144711797 0.685029387943 0.778215429713 0.763420861798 0.752371009828 0.976575086504 0.817291823532 0.712414926178 0.770835424315 0.876962856712 0.749161953413 0.811381666657 0.728265545194 0.927020251741 0.864424994406 0.752937811994 0.71741030302 0.798139663965 0.719664358878 0.814891487939 0.790783755078 0.763900239347 0.762221136872 0.816665065872 0.693294583152 0.786929559347 0.806458112301 0.754584966756 0.895543153489 0.704873479167 0.877620810386 0.769813526396 0.741703428446 0.842174671973 0.768011856751 0.726666790365 0.794888525673 0.759625398048 0.749601565319 0.876110180126 0.777793021353 0.740188240272 0.770398570853 0.670922269706 0.791412939631 0.735271914801 0.754800271379
0.959673156575 0.929454362083 0.974484162686 0.943168753474 0.820439257236 0.970438035013 0.81458026416 0.988612079471 0.952551919297 0.788997442888 0.935801304151 0.972854529618 0.928056908804 0.956511039066 0.93290858935 0.637245076782 0.973741186632 0.954601868476 0.662715703535 0.677001914161 0.965513916483 0.987517312843 0.698850915829 1.0 0.631957009727 0.9153732078 0.972985821843 0.6105504464 0.968315931903 0.92006539731 0.968480491868 0.678279141063 0.920295716921 0.988594852042 0.951711442769 0.586831977947 0.937510698035 0.939033948173 0.982552324367 0.639179497556 0.896928031868 0.952881630926 0.983712844319 0.920161028952 0.97159294626 0.61283379521 0.886352889932 0.971007752592 0.95522482037 0.903551939379 0.952060420165 0.938238017177 0.903821793116 0.963765117775 0.858021959991 0.971091257714 0.634490213775 0.927488275724 0.969763882671 0.899790765201 0.953736947198 0.967173409067 0.912900206154 0.95469916001 0.95224295281 0.874242663801 0.925284509709 0.957648832576 0.947881188133 0.950828142605 0.921497200961 0.947309947251 0.924184560067
0.683311794218 0.727911587539 0.67362646042 0.678211613314 0.895438799568 0.690781088832 0.843941224214 0.642194117331 0.70384237481 0.93887763622 0.686298423567 0.67060517613 0.709587169007 0.670671156456 0.672120099704 0.916387070177 0.692771052578 0.702687001906 0.92822596986 0.951960427578 0.696596356246 0.650262354822 0.871555616581 0.631957009727 1.0 0.713653438381 0.676032021659 0.87805525756 0.712698584816 0.701695337549 0.675530441579 0.933742173581 0.698688903296 0.644044781619 0.716477914192 0.968054465393 0.734103785954 0.725174609588 0.659715475552 0.971755945255 0.745879973809 0.67134196547 0.645491007158 0.723171082681 0.645394231681 0.974280557635 0.767446900072 0.688297493918 0.676072941284 0.738570578248 0.640337852625 0.744991490721 0.744069829341 0.681720097366 0.780883247683 0.631383618312 0.9779592036 0.67635080001 0.6638990126 0.781093812271 0.683120569064 0.654832429218 0.763335941547 0.696562728569 0.66709840077 0.828863368625 0.681320836217 0.663922369202 0.694001658926 0.595859439523 0.698039883491 0.65281032529 0.669542388142
0.971869690859 0.98847926985 0.953828006137 0.980473247376 0.883086533766 0.962826604658 0.925269423775 0.928470025808 0.956406017151 0.861108163381 0.98973177401 0.958227214671 0.991013066231 0.97330738826 0.978806317146 0.66457687701 0.947956084444 0.967539977831 0.722447416572 0.80385012533 0.961239716866 0.931995678128 0.821604575869 0.9153732078 0.713653438381 1.0 0.962263053121 0.637572738082 0.949528133928 0.972544054557 0.960134536076 0.78875165506 0.991009042153 0.93060380682 0.948771318032 0.694911798609 0.927307885734 0.957757022493 0.934825120538 0.734426643805 0.988988865726 0.976912863224 0.942034843081 0.977212026884 0.94076552741 0.673239555293 0.957063235939 0.961728797298 0.978505456782 0.928168852892 0.906023792408 0.939838827131 0.982133540348 0.96150667259 0.958105479943 0.945235672599 0.702556391323 0.98223725366 0.958935446353 0.974320664879 0.979520436362 0.955894895615 0.914187030383 0.954633881116 0.968056332399 0.941658570907 0.985831481203 0.969227212437 0.971190415458 0.932908885935 0.983707837682 0.968275056618 0.97381119242
0.988943791382 0.970859356491 0.994918498643 0.981544253332 0.858694586048 0.994579025524 0.865894881667 0.984243995241 0.981403860351 0.828043199722 0.977014213493 0.998748146002 0.971865813878 0.989766121141 0.972133488311 0.665918811422 0.992542958836 0.984100687488 0.702300678726 0.731403127857 0.989972468019 0.984904641081 0.753144711797 0.972985821843 0.676032021659 0.962263053121 1.0 0.64113546001 0.987660796343 0.960752696466 0.995297563137 0.72896885513 0.964197755946 0.984333245796 0.976786281782 0.639167970171 0.961844159026 0.971744384017 0.984340951357 0.687136037867 0.946517826335 0.987176377304 0.98889220391 0.960647506255 0.980659808142 0.651561172386 0.931014754567 0.998285361149 0.989952566842 0.938437053144 0.95090243165 0.965395471809 0.948729376274 0.99284112733 0.911382648287 0.979407073107 0.676963466211 0.968352899289 0.991591601388 0.943543001068 0.988688412129 0.989137555565 0.938063746328 0.983691722671 0.984882369584 0.914827117885 0.968589400099 0.989869399526 0.981846756527 0.960870510161 0.965180077369 0.974552540727 0.963746763973
0.655101653403 0.639044108516 0.649641263554 0.649025152072 0.85134890726 0.645722842276 0.678971144771 0.624756699559 0.651093827933 0.777874095441 0.640925649333 0.642817030733 0.637577061215 0.644856029316 0.641180085452 0.981215064195 0.666559764741 0.634438453672 0.96338178406 0.805613171818 0.635099782563 0.623884068589 0.685029387943 0.6105504464 0.87805525756 0.637572738082 0.64113546001 1.0 0.65291211349 0.682593133977 0.633390493256 0.74966078775 0.635409882295 0.623792461512 0.664458645337 0.866610860658 0.707292253231 0.644176720413 0.627474925051 0.799613194958 0.640752180671 0.639960875057 0.626187186005 0.666043165148 0.613351079693 0.938908311826 0.725835703996 0.639584638045 0.639481736688 0.652841907573 0.602651571188 0.681156841689 0.691800371448 0.640622788959 0.637887723048 0.614617403618 0.835398466625 0.638730861974 0.633263550881 0.690592788826 0.639154168377 0.630663358812 0.694181045944 0.646997516769 0.631360397785 0.690094719637 0.634100377866 0.637195436902 0.645559824162 0.589646738168 0.635229598525 0.629378233419 0.636795359703
0.981216510045 0.969222647403 0.991695689439 0.965776972267 0.869279106542 0.995136432001 0.880940538752 0.978627402771 0.982072969217 0.862779257572 0.961311797516 0.986757665436 0.961365048669 0.977244599782 0.949897831489 0.683016382741 0.995042597615 0.98435961611 0.712629165564 0.754464910534 0.995337887706 0.980957950867 0.778215429713 0.968315931903 0.712698584816 0.949528133928 0.987660796343 0.65291211349 1.0 0.942639780764 0.986376705145 0.765251057398 0.948928732883 0.978135352898 0.982951671821 0.665056426955 0.967867118179 0.976841942406 0.980541471074 0.7314962832 0.939568401981 0.97430163537 0.977742187945 0.952035863262 0.971344776341 0.681138521176 0.919071337439 0.989167304515 0.978787909537 0.938719842263 0.949474816868 0.976727813389 0.939314487967 0.982788569391 0.911316689917 0.963716927538 0.725971575852 0.945428842401 0.974856364558 0.945045418037 0.979050292643 0.974030487119 0.951853255477 0.975832903927 0.968549008438 0.93005031002 0.946657218914 0.969420850244 0.973551406093 0.940522784424 0.946954482739 0.954771775734 0.939706322141
0.977490800814 0.959596230533 0.95654103312 0.987641997259 0.891893064284 0.955421659104 0.872173460847 0.934552179052 0.938715925537 0.828610482637 0.987023816404 0.960596205795 0.972352016478 0.976851268231 0.984905408724 0.698796999733 0.952726770013 0.944798380411 0.754834961806 0.770244250603 0.946503847178 0.933815556169 0.763420861798 0.92006539731 0.701695337549 0.972544054557 0.960752696466 0.682593133977 0.942639780764 1.0 0.955678810825 0.747098836476 0.983212711472 0.936817012003 0.931622466037 0.690363110869 0.922930957265 0.927378820884 0.931961632905 0.708481262248 0.954705838009 0.976317052757 0.948585795632 0.989498852079 0.941263918337 0.681405618327 0.970041206621 0.955082714032 0.976287834243 0.898850396085 0.897575231787 0.921422439832 0.978197383672 0.953272346037 0.919332953828 0.954630924544 0.686910309791 0.985014818571 0.96181985722 0.959536616408 0.972829223826 0.959563812337 0.892342404792 0.941954098947 0.964041925627 0.912542227834 0.982183667478 0.974641385217 0.957847875792 0.93769400875 0.971271759386 0.975257063734 0.980402360577
0.986404349714 0.970977069707 0.99257528013 0.978811739763 0.857157173903 0.993642463941 0.867433344757 0.98302452543 0.985712999485 0.828954009637 0.97391471635 0.996303565793 0.96964582318 0.987303309855 0.967762031505 0.660135197192 0.98946540865 0.989554243432 0.69821096921 0.730846534288 0.98844542272 0.984468911623 0.752371009828 0.968480491868 0.675530441579 0.960134536076 0.995297563137 0.633390493256 0.986376705145 0.955678810825 1.0 0.729003182871 0.960960308665 0.983345292543 0.982545254204 0.63571920822 0.966361963344 0.977387770754 0.985168091546 0.687864758685 0.945224487077 0.984622709422 0.986800971749 0.956858271468 0.983780851574 0.646684282699 0.927551393632 0.993811857101 0.988330520347 0.945796756835 0.958640099706 0.971116871452 0.945965678458 0.996444463044 0.911209226658 0.979163496583 0.677197529166 0.963995664868 0.986856269925 0.941430209931 0.987356211657 0.990143452549 0.945245462385 0.987192757122 0.987364238163 0.913224429464 0.964803220035 0.986796019224 0.983760979498 0.961373174866 0.961257598664 0.973092148602 0.959277702927
0.735906091939 0.80055165123 0.721433697005 0.733705246757 0.868396193458 0.744591929806 0.936683027102 0.687967703375 0.752368509838 0.957544920177 0.751630112389 0.719677553305 0.775491114913 0.722310320641 0.728597040922 0.79330535221 0.733008282698 0.762442923344 0.818549236868 0.978516103094 0.766584169706 0.699149430658 0.976575086504 0.678279141063 0.933742173581 0.78875165506 0.72896885513 0.74966078775 0.765251057398 0.747098836476 0.729003182871 1.0 0.782662037521 0.690547205787 0.758711175121 0.928883159199 0.750985066402 0.789270097148 0.707137598297 0.979500995313 0.831521756481 0.726182969862 0.693979167049 0.786157003782 0.696866093713 0.878681078799 0.786479955828 0.740409308707 0.735288210717 0.797376208534 0.678945857837 0.782549233883 0.794674385797 0.732659627156 0.868595480012 0.679150134329 0.944956543423 0.738320931887 0.715826920514 0.836710730902 0.741270644816 0.703565156102 0.792624068479 0.741202923461 0.724239640317 0.875718720865 0.746094259124 0.714495257436 0.747029888194 0.644897307912 0.760090567551 0.708024306847 0.725582940782
0.977642937058 0.980350698841 0.957085860533 0.987130369327 0.8732324675 0.962312310936 0.916510926967 0.934379234543 0.948402012484 0.847170848264 0.993648779154 0.961279382962 0.985368001323 0.976864254708 0.983993893894 0.662889348254 0.949469853659 0.960056065833 0.714055434348 0.793340333632 0.961116767016 0.936550800319 0.817291823532 0.920295716921 0.698688903296 0.991009042153 0.964197755946 0.635409882295 0.948928732883 0.983212711472 0.960960308665 0.782662037521 1.0 0.936914179493 0.939948013433 0.690785969982 0.917177274066 0.947703189397 0.936878063746 0.725164281447 0.981445776769 0.979377735201 0.948559083475 0.986317239682 0.944288785782 0.663130564068 0.952796370168 0.961082270467 0.980688443024 0.919463640207 0.901706708217 0.928379405122 0.974659920809 0.959031772168 0.951727569732 0.953385207369 0.690086735755 0.987776721138 0.962667464394 0.965967280577 0.979091623365 0.960459110742 0.901963021651 0.948135135928 0.968612693105 0.931027197289 0.988169365037 0.973392390597 0.965436098706 0.936436767369 0.980311552875 0.974742130034 0.979462017499
0.973659660324 0.944202418289 0.986520082302 0.959747738331 0.835265603729 0.982386809877 0.829164269198 0.9980987115 0.966128844221 0.799176037559 0.951516776185 0.986214712124 0.943880143116 0.971200478099 0.948891269083 0.648868336291 0.983855069309 0.967114886588 0.67888282196 0.690869689977 0.977457679803 0.99754421856 0.712414926178 0.988594852042 0.644044781619 0.93060380682 0.984333245796 0.623792461512 0.978135352898 0.936817012003 0.983345292543 0.690547205787 0.936914179493 1.0 0.96400638134 0.600093197822 0.950138170834 0.953133174868 0.993397974006 0.651074105911 0.913203814291 0.967945458124 0.995495921201 0.936089974436 0.981883751078 0.624276958921 0.903362330354 0.982431057478 0.970011110419 0.91900248864 0.959070772844 0.950373309776 0.919689552609 0.978190744181 0.874884876601 0.983181711723 0.644787415323 0.943596730876 0.980490431901 0.914432799455 0.968827841791 0.980880699283 0.92495545034 0.969001374057 0.968980895489 0.88636689275 0.942415528496 0.971883686875 0.963853090682 0.95846457921 0.937900006002 0.962316841625 0.940626628548
0.969543372136 0.971075518914 0.978399405369 0.956891048109 0.880716955132 0.985395030314 0.882800780058 0.963893705535 0.990603634541 0.863791687413 0.955566160748 0.975541234564 0.960527095419 0.969272672109 0.9429603089 0.692302361407 0.981645895576 0.991912384036 0.728353954258 0.757210441668 0.980929616416 0.967559680655 0.770835424315 0.951711442769 0.716477914192 0.948771318032 0.976786281782 0.664458645337 0.982951671821 0.931622466037 0.982545254204 0.758711175121 0.939948013433 0.96400638134 1.0 0.661348439395 0.982779374078 0.986946015854 0.975502925491 0.725370566515 0.939182902664 0.967788916771 0.9671425949 0.938588208103 0.965493942061 0.686251571455 0.921632989478 0.97824839731 0.971151595253 0.954274511527 0.959829679659 0.989967936225 0.942604347611 0.98617208519 0.90859878547 0.955284760827 0.721273489743 0.938247332825 0.96569398879 0.945911585928 0.973980653893 0.969380256375 0.967810293098 0.984218532902 0.972035174384 0.926073450004 0.942007600139 0.963439095458 0.978562397127 0.935467851681 0.944950976075 0.948417979177 0.932640667479
0.651792007895 0.694247319157 0.635166377522 0.654457877656 0.859586255891 0.650071747932 0.829269155289 0.59728931318 0.652123690327 0.895797868597 0.666392143851 0.633436676934 0.682440201693 0.640914669181 0.656676140256 0.89596810594 0.649152122959 0.660194904333 0.90493238938 0.954418762543 0.659456694556 0.604652705237 0.876962856712 0.586831977947 0.968054465393 0.694911798609 0.639167970171 0.866610860658 0.665056426955 0.690363110869 0.63571920822 0.928883159199 0.690785969982 0.600093197822 0.661348439395 1.0 0.675405978821 0.677339608885 0.607606619165 0.955086833209 0.728581097664 0.644591097538 0.605018661927 0.706542020312 0.603956572988 0.951549704833 0.74597657316 0.647921921846 0.64713031905 0.692379506072 0.578114130122 0.68413993108 0.720763464037 0.637789124159 0.767750915126 0.596242513579 0.93433900419 0.665442319462 0.631459886369 0.750521346409 0.651742432405 0.617479240815 0.697765688173 0.647478981161 0.630732525441 0.784833814483 0.668302802906 0.635330645401 0.653709475117 0.560557680218 0.679010837515 0.630632029173 0.660135512863
0.956483166576 0.952496345865 0.964916034034 0.942929938275 0.900674437751 0.96955503572 0.861830077989 0.950390263398 0.986867425096 0.862592401187 0.93759844501 0.962360612613 0.945468315302 0.955741689046 0.929441310372 0.7269048967 0.97099468585 0.970854437209 0.767898800255 0.761582167977 0.960411309349 0.952178735758 0.749161953413 0.937510698035 0.734103785954 0.927307885734 0.961844159026 0.707292253231 0.967867118179 0.922930957265 0.966361963344 0.750985066402 0.917177274066 0.950138170834 0.982779374078 0.675405978821 1.0 0.977903374305 0.96377309447 0.727464230113 0.919919698385 0.951828105941 0.953533451889 0.921570614203 0.951332615489 0.71406079619 0.930246299402 0.963410219385 0.955828760048 0.954882133619 0.960105510067 0.991543502985 0.925628331832 0.975442977649 0.891107996103 0.941739535076 0.732194209642 0.922408520211 0.952004582544 0.937558119804 0.9579578207 0.95739611777 0.977639036313 0.982413847451 0.960444611883 0.918716268891 0.925552276999 0.949724273588 0.974099252116 0.925783349142 0.93300168713 0.937767702052 0.919979021143
